47
43.06417 141.34694
40.82444 140.74
39.70361 141.1525
38.26889 140.87194
39.71861 140.1025
38.24056 140.36333
37.75 140.46778
36.34139 140.44667
36.56583 139.88361
36.39111 139.06083
35.85694 139.64889
35.60472 140.12333
35.68944 139.69167
35.44778 139.6425
37.90222 139.02361
36.69528 137.21139
36.59444 136.62556
36.06528 136.22194
35.66389 138.56833
36.65139 138.18111
35.39111 136.72222
34.97694 138.38306
35.18028 136.90667
34.73028 136.50861
35.00444 135.86833
35.02139 135.75556
34.68639 135.52
34.69139 135.18306
34.68528 135.83278
34.22611 135.1675
35.50361 134.23833
35.47222 133.05056
34.66167 133.935
34.39639 132.45944
34.18583 131.47139
34.06583 134.55944
34.34028 134.04333
33.84167 132.76611
33.55972 133.53111
33.60639 130.41806
33.24944 130.29889
32.74472 129.87361
32.78972 130.74167
33.23806 131.6125
31.91111 131.42389
31.56028 130.55806
26.2125 127.68111